647	PGC647	00 08 46.28	+15 48 58.6
218	PGC218	00 03 15.05	+16 08 43.9
1525	PGC1525	00 24 02.84	+16 29 11.0
M32	NGC221	00 42 41.8	+40 51 55
M110	NGC205	00 40 22.1	+41 41 07
3051	PGC3051	00 52 04.30	+47 33 01.9
1305	PGC1305	00 20 23.10	+59 17 35.2
6318	PGC6318	01 43 02.42	+13 38 41.9
6292	PGC6292	01 42 27.00	+13 58 37.1
M74	NGC628	01 36 41.8	+15 47 01
6174	PGC6174	01 40 09.72	+15 54 16.9
6337	PGC6337	01 43 14.59	+19 58 51.2
138465	PGC138465	01 50 26.95	+21 52 50.9
6595	PGC6595	01 47 54.38	+27 25 59.2
6699	PGC6699	01 49 31.44	+32 35 20.8
4202	PGC4202	01 10 44.02	+49 36 07.4
7849	PGC7849	02 03 44.71	+16 01 51.4
9236	PGC9236	02 25 50.83	+18 29 46.6
11329	PGC11329	02 59 42.84	+25 14 28.3
9888	PGC9888	02 36 16.15	+25 25 25.8
10272	PGC10272	02 42 48.29	+28 34 27.4
7671	PGC7671	02 01 16.93	+28 50 14.1
9705	PGC9705	02 32 45.19	+28 50 27.2
9788	PGC9788	02 34 13.39	+29 18 40.5
10051	PGC10051	02 39 14.98	+30 09 06.0
9726	PGC9726	02 33 18.10	+33 29 25.8
9332	PGC9332	02 27 16.91	+33 34 44.0
9665	PGC9665	02 32 23.94	+35 29 40.8
9566	PGC9566	02 30 48.65	+37 08 12.5
10314	PGC10314	02 43 30.06	+37 20 28.3
9899	PGC9899	02 36 27.83	+38 58 08.6
10123	PGC10123	02 40 24.01	+39 03 47.7
9759	PGC9759	02 33 42.89	+40 31 43.5
10052	PGC10052	02 39 16.51	+40 52 22.5
9031	PGC9031	02 22 33.53	+42 20 49.6
8947	PGC8947	02 21 13.39	+42 45 46.1
100170	PGC100170	02 56 51.65	+58 54 41.6
10217	PGC10217	02 41 54.53	+59 36 11.9
9892	PGC9892	02 36 35.47	+59 39 16.5
89919	PGC89919	02 36 15.84	+68 45 01.4
2802321	PGC2802321	03 30 55.82	+60 47 22.2
166072	PGC166072	03 23 08.74	+62 47 21.5
13826	PGC13826	03 46 49.15	+68 05 47.8
13943	PGC13943	03 50 14.88	+70 05 40.9
13880	PGC13880	03 48 20.73	+70 07 58.4
13633	PGC13633	03 42 34.13	+71 18 28.4
14123	PGC14123	03 56 04.44	+72 55 18.5
16477	PGC16477	04 59 02.68	+12 24 04.8
3097128	PGC3097128	04 45 25.56	+18 25 05.0
15723	PGC15723	04 38 54.74	+18 50 20.5
15608	PGC15608	04 36 01.44	+19 57 02.5
15109	PGC15109	04 26 41.76	+20 24 28.3
16009	PGC16009	04 47 27.41	+23 59 01.3
3097122	PGC3097122	04 34 55.04	+26 42 36.7
86269	PGC86269	04 44 09.02	+28 13 00.3
16360	PGC16360	04 56 14.83	+30 03 07.8
143013	PGC143013	04 52 40.72	+32 51 28.9
89976	PGC89976	04 16 39.77	+60 55 28.2
15439	PGC15439	04 32 04.92	+63 36 48.6
16423	PGC16423	04 57 58.82	+68 19 24.6
14261	PGC14261	04 00 27.74	+68 34 39.8
17504	PGC17504	05 36 17.02	+07 19 33.6
1475910	PGC1475910	05 38 37.99	+15 07 29.2
16644	PGC16644	05 03 24.55	+16 24 15.8
136103	PGC136103	05 48 07.56	+21 41 57.9
3097142	PGC3097142	05 37 44.95	+24 28 27.6
2807182	PGC2807182	05 55 17.30	+25 26 34.8
17057	PGC17057	05 17 44.42	+53 33 01.2
16957	PGC16957	05 14 15.12	+62 34 47.5
17736	PGC17736	05 45 24.63	+72 21 22.4
138848	PGC138848	06 16 20.26	+07 14 59.6
143060	PGC143060	06 04 25.46	+08 20 40.6
3097156	PGC3097156	06 12 06.60	+15 09 10.3
2807186	PGC2807186	06 20 54.48	+20 08 27.6
2807187	PGC2807187	06 21 03.53	+20 10 16.5
97144	PGC97144	06 00 17.23	+35 45 01.1
18299	PGC18299	06 02 05.21	+36 06 15.9
19161	PGC19161	06 30 28.82	+39 30 13.6
19789	PGC19789	06 53 10.46	+57 10 39.9
138959	PGC138959	06 41 02.88	+60 51 11.2
138879	PGC138879	06 31 13.58	+71 59 47.6
138952	PGC138952	06 37 36.91	+72 25 06.5
18797	PGC18797	06 18 37.71	+78 21 25.3
20298	PGC20298	07 10 13.58	+44 27 26.4
21396	PGC21396	07 36 50.64	+65 36 09.4
21102	PGC21102	07 28 51.84	+69 12 31.0
24930	PGC24930	08 52 41.28	+33 25 16.0
23071	PGC23071	08 13 58.80	+45 44 35.3
23660	PGC23660	08 26 04.36	+45 58 02.8
23040	PGC23040	08 13 14.64	+45 59 23.3
23110	PGC23110	08 14 40.08	+49 03 41.5
23340	PGC23340	08 19 20.56	+50 00 35.1
22525	PGC22525	08 01 53.23	+50 44 13.6
23313	PGC23313	08 18 58.35	+57 48 11.2
25065	PGC25065	08 55 34.80	+58 44 01.3
23324	PGC23324	08 19 03.84	+70 43 09.2
27077	PGC27077	09 32 10.08	+21 30 05.1
28868	PGC28868	09 59 26.40	+30 44 46.7
28805	PGC28805	09 58 21.06	+32 22 12.0
28186	PGC28186	09 48 35.76	+33 25 16.9
26512	PGC26512	09 22 02.40	+50 58 36.8
28120	PGC28120	09 47 15.60	+67 55 02.6
M81	NGC3031	09 55 33.2	+69 03 55
26341	PGC26341	09 19 18.48	+69 12 11.9
M82	NGC3034	09 55 52.2	+69 40 47
27605	PGC27605	09 40 32.40	+71 10 55.5
28636	PGC28636	09 55 40.56	+72 12 13.1
29428	PGC29428	10 07 19.68	+10 21 43.3
32007	PGC32007	10 43 57.73	+11 42 13.0
32192	PGC32192	10 46 45.74	+11 49 11.8
29488	PGC29488	10 08 27.84	+12 18 24.0
32292	PGC32292	10 48 16.80	+12 37 42.6
32508	PGC32508	10 50 53.28	+13 24 43.8
30560	PGC30560	10 25 04.87	+17 09 49.2
32767	PGC32767	10 54 31.07	+17 17 04.6
29800	PGC29800	10 13 31.57	+22 44 15.3
31968	PGC31968	10 43 31.15	+24 55 20.0
32754	PGC32754	10 54 20.86	+27 14 22.8
31122	PGC31122	10 32 17.28	+27 40 07.6
32533	PGC32533	10 51 16.24	+27 58 29.9
32543	PGC32543	10 51 20.71	+32 45 58.9
32643	PGC32643	10 52 30.96	+36 37 10.1
29186	PGC29186	10 03 57.12	+40 45 20.7
30087	PGC30087	10 18 16.98	+41 25 27.8
31671	PGC31671	10 39 09.36	+41 41 12.6
30197	PGC30197	10 19 54.99	+45 32 58.9
29050	PGC29050	10 01 57.84	+55 40 46.8
30819	PGC30819	10 28 23.48	+68 24 43.7
29146	PGC29146	10 03 19.92	+68 44 01.3
30997	PGC30997	10 30 34.56	+70 37 13.7
33866	PGC33866	11 09 55.95	+10 43 14.7
35043	PGC35043	11 24 26.08	+11 20 31.2
36243	PGC36243	11 40 58.74	+11 28 16.1
36043	PGC36043	11 38 12.96	+12 06 44.1
34257	PGC34257	11 14 37.00	+12 49 04.9
M66	NGC3627	11 20 15.0	+12 59 30
M65	NGC3623	11 18 55.9	+13 05 32
34697	PGC34697	11 20 17.02	+13 35 22.2
33160	PGC33160	11 00 18.59	+13 54 04.5
34298	PGC34298	11 15 06.22	+14 47 13.7
35224	PGC35224	11 27 11.17	+17 01 49.1
34326	PGC34326	11 15 26.95	+18 06 37.3
34176	PGC34176	11 13 28.08	+22 09 09.7
36979	PGC36979	11 50 04.56	+26 28 45.6
34719	PGC34719	11 20 31.82	+26 57 48.3
33408	PGC33408	11 03 43.36	+28 53 13.6
33166	PGC33166	11 00 24.24	+28 58 29.7
37723	PGC37723	11 58 56.64	+30 24 44.9
37235	PGC37235	11 52 55.44	+36 59 10.9
37132	PGC37132	11 51 45.84	+38 00 54.0
37689	PGC37689	11 58 30.00	+38 04 33.8
34353	PGC34353	11 15 51.98	+41 35 29.0
37692	PGC37692	11 58 34.08	+42 44 02.5
35164	PGC35164	11 26 08.16	+43 35 13.7
37229	PGC37229	11 52 49.45	+44 07 14.6
36188	PGC36188	11 40 06.71	+45 56 34.2
36136	PGC36136	11 39 20.68	+46 30 48.2
35676	PGC35676	11 33 21.17	+47 01 44.7
36699	PGC36699	11 46 07.78	+47 29 40.2
35999	PGC35999	11 37 44.16	+47 53 35.2
37542	PGC37542	11 56 42.11	+48 20 02.2
37584	PGC37584	11 57 17.39	+49 16 59.7
37760	PGC37760	11 59 25.19	+50 57 42.1
37036	PGC37036	11 50 45.49	+51 49 27.2
37306	PGC37306	11 53 49.03	+52 19 35.6
35616	PGC35616	11 32 34.56	+53 04 03.7
37617	PGC37617	11 57 35.98	+53 22 28.3
35856	PGC35856	11 35 48.24	+54 31 26.8
37642	PGC37642	11 57 56.17	+55 27 12.8
M108	NGC3556	11 11 31.0	+55 40 27
38527	PGC38527	12 08 09.60	+10 22 44.5
38943	PGC38943	12 12 46.44	+10 51 57.6
39710	PGC39710	12 19 45.36	+12 47 54.3
39183	PGC39183	12 15 16.87	+13 01 25.8
39246	PGC39246	12 15 54.24	+13 09 00.0
37928	PGC37928	12 01 23.76	+13 24 04.1
37912	PGC37912	12 01 10.56	+14 06 14.5
39578	PGC39578	12 18 49.63	+14 24 59.4
39676	PGC39676	12 19 30.58	+14 52 39.8
M98	NGC4192	12 13 48.2	+14 54 01.7
39393	PGC39393	12 17 11.41	+15 19 26.2
38167	PGC38167	12 04 11.19	+18 26 36.4
37860	PGC37860	12 00 32.82	+20 04 26.0
39179	PGC39179	12 15 14.40	+20 39 31.0
39492	PGC39492	12 18 08.31	+28 10 31.1
38897	PGC38897	12 12 21.36	+29 12 25.3
39437	PGC39437	12 17 36.78	+29 36 28.8
39724	PGC39724	12 19 50.64	+29 36 51.4
38618	PGC38618	12 09 17.70	+29 55 39.3
38742	PGC38742	12 10 33.65	+30 24 05.4
38150	PGC38150	12 04 03.83	+31 53 44.9
39158	PGC39158	12 15 05.02	+33 11 50.1
39225	PGC39225	12 15 39.12	+36 19 40.8
39422	PGC39422	12 17 29.66	+37 48 25.6
38739	PGC38739	12 10 32.66	+39 24 20.7
38693	PGC38693	12 10 02.16	+39 52 49.9
38654	PGC38654	12 09 36.09	+42 32 03.2
38440	PGC38440	12 07 03.13	+43 03 55.4
38643	PGC38643	12 09 29.79	+43 41 07.1
38988	PGC38988	12 13 16.86	+43 41 53.8
38068	PGC38068	12 03 09.60	+44 31 52.4
39423	PGC39423	12 17 30.24	+45 37 08.7
38688	PGC38688	12 09 58.60	+46 27 25.8
39241	PGC39241	12 15 50.90	+47 05 30.4
M106	NGC4258	12 18 57.5	+47 18 14
38361	PGC38361	12 06 01.16	+47 28 42.1
38302	PGC38302	12 05 33.84	+50 32 22.3
38148	PGC38148	12 04 01.68	+52 35 17.9
M49	NGC4472	12 29 46.7	+08 00 02
40507	PGC40507	12 25 22.18	+10 01 00.1
40597	PGC40597	12 25 50.69	+10 27 32.3
40850	PGC40850	12 27 26.56	+11 06 27.1
41538	PGC41538	12 32 06.19	+11 10 35.2
42069	PGC42069	12 36 34.29	+11 14 19.1
41781	PGC41781	12 34 06.06	+11 19 16.6
41376	PGC41376	12 30 57.13	+11 29 00.8
39968	PGC39968	12 21 40.56	+11 30 10.8
41457	PGC41457	12 31 32.53	+11 37 29.1
40442	PGC40442	12 24 55.43	+11 42 15.4
40105	PGC40105	12 22 38.54	+11 48 03.1
40306	PGC40306	12 24 01.44	+12 12 17.0
41943	PGC41943	12 35 30.61	+12 13 15.4
40927	PGC40927	12 27 53.57	+12 17 35.5
40705	PGC40705	12 26 32.26	+12 36 39.1
40581	PGC40581	12 25 46.82	+12 39 43.5
40030	PGC40030	12 22 03.61	+12 44 27.0
M86	NGC4406	12 26 11.7	+12 56 46
41806	PGC41806	12 34 15.85	+13 04 31.9
40898	PGC40898	12 27 40.50	+13 04 44.5
M90	NGC4569	12 36 49.8	+13 09 46
41111	PGC41111	12 29 03.01	+13 11 01.9
41260	PGC41260	12 30 02.17	+13 38 11.2
41608	PGC41608	12 32 41.76	+14 03 01.5
41241	PGC41241	12 29 53.52	+14 04 07.2
42100	PGC42100	12 36 56.37	+14 13 02.5
41517	PGC41517	12 31 59.22	+14 25 13.5
41934	PGC41934	12 35 26.43	+14 29 46.8
39950	PGC39950	12 21 32.79	+14 36 21.8
40477	PGC40477	12 25 12.31	+14 45 44.0
42396	PGC42396	12 39 51.91	+15 17 52.1
40095	PGC40095	12 22 31.36	+15 32 16.5
41876	PGC41876	12 34 50.87	+15 33 05.2
40484	PGC40484	12 25 14.73	+15 36 27.0
40153	PGC40153	12 22 54.72	+15 49 18.6
40295	PGC40295	12 23 57.81	+16 41 36.1
41472	PGC41472	12 31 39.36	+16 51 07.2
40515	PGC40515	12 25 24.00	+18 11 26.7
39907	PGC39907	12 21 12.72	+18 22 57.4
42020	PGC42020	12 36 08.14	+19 19 21.3
40231	PGC40231	12 23 29.83	+19 25 37.3
41066	PGC41066	12 28 44.16	+22 49 17.3
42038	PGC42038	12 36 20.80	+25 59 14.6
40600	PGC40600	12 25 51.36	+27 33 40.9
42002	PGC42002	12 35 57.69	+27 57 35.1
40988	PGC40988	12 28 15.43	+28 37 13.1
40097	PGC40097	12 22 31.98	+29 53 43.1
41755	PGC41755	12 33 51.19	+30 16 39.1
40692	PGC40692	12 26 27.09	+31 13 24.8
40330	PGC40330	12 24 11.28	+31 31 18.4
40596	PGC40596	12 25 48.96	+33 32 48.7
41779	PGC41779	12 34 05.52	+35 31 07.5
40396	PGC40396	12 24 36.24	+39 22 56.7
41333	PGC41333	12 30 36.37	+41 38 37.1
40904	PGC40904	12 27 41.52	+43 29 39.3
40973	PGC40973	12 28 11.04	+44 05 33.0
41069	PGC41069	12 28 45.56	+44 51 51.2
40537	PGC40537	12 25 34.80	+45 41 06.3
40228	PGC40228	12 23 27.94	+46 59 38.0
42408	PGC42408	12 39 59.38	+61 36 33.1
43241	PGC43241	12 48 15.09	+10 59 01.0
43656	PGC43656	12 52 17.56	+11 18 49.2
42728	PGC42728	12 42 47.43	+11 26 32.9
42516	PGC42516	12 40 57.36	+11 54 40.8
42857	PGC42857	12 43 56.64	+13 07 36.4
42913	PGC42913	12 44 29.37	+13 29 55.2
42707	PGC42707	12 42 40.80	+14 17 49.1
43375	PGC43375	12 49 39.36	+15 10 11.5
43707	PGC43707	12 52 44.74	+15 50 28.9
42833	PGC42833	12 43 42.63	+16 23 36.2
M64	NGC4826	12 56 43.7	+21 40 58
43451	PGC43451	12 50 26.64	+25 30 04.4
43586	PGC43586	12 51 45.84	+25 46 32.7
42863	PGC42863	12 43 57.84	+32 10 11.7
42637	PGC42637	12 42 07.92	+32 32 32.6
42901	PGC42901	12 44 25.20	+34 23 11.9
44536	PGC44536	12 59 01.92	+34 51 39.0
M94	NGC4736	12 50 53.1	+41 07 14
42575	PGC42575	12 41 32.88	+41 08 56.1
43931	PGC43931	12 54 37.77	+46 31 52.1
44719	PGC44719	13 00 10.53	+12 29 00.1
45314	PGC45314	13 05 49.44	+37 36 17.8
M63	NGC5055	13 15 49.3	+42 01 45
45849	PGC45849	13 12 11.76	+44 02 14.6
46039	PGC46039	13 14 27.84	+45 55 11.6
M51	NGC5194	13 29 52.7	+47 11 43
47368	PGC47368	13 29 36.48	+58 25 13.0
45372	PGC45372	13 06 24.72	+67 42 24.5
50216	PGC50216	14 05 01.61	+53 39 44.0
M101	NGC5457	14 03 12.6	+54 20 57
51210	PGC51210	14 19 48.24	+56 43 46.0
53469	PGC53469	14 57 45.60	+71 40 56.5
55419	PGC55419	15 33 27.80	+56 33 34.6
56219	PGC56219	15 51 25.23	+62 18 36.1
54074	PGC54074	15 09 11.28	+67 12 46.1
60095	PGC60095	17 20 12.24	+57 54 55.1
60921	PGC60921	17 49 26.51	+70 08 39.6
3097690	PGC3097690	20 51 10.80	+56 53 24.6
65001	PGC65001	20 34 52.80	+60 09 13.7
166712	PGC166712	21 20 46.19	+45 16 22.1
2802329	PGC2802329	21 27 39.60	+53 10 45.3
2801052	PGC2801052	21 03 24.24	+57 17 14.0
67671	PGC67671	21 56 24.24	+73 15 39.3
68941	PGC68941	22 28 25.92	+30 17 28.7
69327	PGC69327	22 37 04.08	+34 24 56.2
67946	PGC67946	22 03 33.84	+43 44 56.5
68121	PGC68121	22 08 27.37	+48 26 26.9
67832	PGC67832	22 00 51.84	+51 34 19.5
71538	PGC71538	23 28 36.24	+14 44 34.8
72237	PGC72237	23 43 54.37	+26 04 32.1
72087	PGC72087	23 40 40.08	+26 14 09.9
71220	PGC71220	23 22 06.58	+40 50 43.5
71596	PGC71596	23 29 58.80	+40 59 25.4
71368	PGC71368	23 24 42.48	+41 20 52.2
2807155	PGC2807155	23 26 31.68	+50 40 32.9
